x=24, y=0.242268
a=0 + I* 1.41421
b=0.540302 + I* 0.841471 
c=-1 + I* 1.22465e-16 
d=-0.42822 + I*-0.903675 
